line_info =

    1.0000    2.0000  231.0865   14.4429   16.0000   13.5000    1.0000    1.0000    3.0000
    1.0000    3.0000   62.4822    7.8103    8.0000         0         0         0         0
    1.0000    4.0000  206.1914   12.8870   16.0000   15.2500    1.0000    1.0000    1.0000
    1.0000    5.0000  208.1147   13.0072   16.0000   15.2500    1.0000    1.0000    1.0000
    1.0000    6.0000  339.9613   21.2476   16.0000   16.0000    1.0000    1.0000         0
    1.0000    7.0000  221.6535   13.8533   16.0000   15.0000    1.0000    1.0000    1.0000
    1.0000    8.0000  190.2829   23.7854    8.0000    8.0000    1.0000    1.0000         0
    1.0000    9.0000  132.7873   16.5984    8.0000    8.0000    1.0000    1.0000         0
    1.0000   10.0000   26.4982    3.3123    8.0000         0         0         0         0
    1.0000   11.0000   89.8521   11.2315    8.0000    1.2500         0    1.0000    1.0000
    1.0000   12.0000  114.0227   14.2528    8.0000    6.7500    1.0000    1.0000    1.0000
    2.0000    3.0000         0    5.7516         0         0         0    1.0000    1.0000
    2.0000    4.0000   75.9214    9.4902    8.0000    0.7500         0    1.0000    1.0000
    2.0000    5.0000   76.6296    9.5787    8.0000    0.7500         0    1.0000    1.0000
    2.0000    6.0000  125.1766   15.6471    8.0000    8.0000    1.0000    1.0000         0
    2.0000    7.0000   81.6147   10.2018    8.0000    1.0000         0    1.0000    1.0000
    2.0000    8.0000  140.1275   17.5159    8.0000    7.7500    1.0000    1.0000    3.0000
    2.0000    9.0000   97.7868   12.2233    8.0000         0         0         0         0
    2.0000   10.0000         0    2.4392         0         0         0    1.0000    1.0000
    2.0000   11.0000         0    8.2711         0    0.2500         0    1.0000    1.0000
    2.0000   12.0000   83.9682   10.4960    8.0000         0         0         0         0
    3.0000    4.0000   41.0560    5.1320    8.0000         0         0    1.0000    1.0000
    3.0000    5.0000   41.4389    5.1799    8.0000    0.2500         0    1.0000    2.0000
    3.0000    6.0000         0    8.4615         0         0         0         0         0
    3.0000    7.0000   44.1347    5.5168    8.0000         0         0    1.0000    1.0000
    3.0000    8.0000   75.7767    9.4721    8.0000    7.2500    1.0000    1.0000    6.0000
    3.0000    9.0000   52.8801    6.6100    8.0000    0.2500         0    1.0000    1.0000
    3.0000   10.0000   10.5524    1.3191    8.0000         0         0    1.0000    1.0000
    3.0000   11.0000   35.7820    4.4727    8.0000         0         0    1.0000    1.0000
    3.0000   12.0000         0    5.6759         0    0.2500         0    1.0000    2.0000
    4.0000    5.0000  273.4970    8.5468   32.0000   32.0000    1.0000    1.0000    1.0000
    4.0000    6.0000  111.6913   13.9614    8.0000    8.0000    1.0000    1.0000         0
    4.0000    7.0000  145.6447    9.1028   16.0000   13.5000    1.0000    1.0000    1.0000
    4.0000    8.0000  250.0631   15.6289   16.0000   16.0000    1.0000    1.0000    1.0000
    4.0000    9.0000  174.5044   10.9065   16.0000   15.2500    1.0000    1.0000    1.0000
    4.0000   10.0000   17.4115    2.1764    8.0000         0         0    1.0000    1.0000
    4.0000   11.0000   59.0403    7.3800    8.0000    0.7500         0    1.0000    1.0000
    4.0000   12.0000   74.9223    9.3653    8.0000    2.5000         0    1.0000    1.0000
    5.0000    6.0000  225.4662   14.0916   16.0000   16.0000    1.0000    1.0000         0
    5.0000    7.0000  294.0063    9.1877   32.0000   28.0000    1.0000    1.0000    1.0000
    5.0000    8.0000  252.3955   15.7747   16.0000   15.7500    1.0000    1.0000    2.0000
    5.0000    9.0000  176.1320   11.0083   16.0000   15.2500    1.0000    1.0000    1.0000
    5.0000   10.0000   17.5739    2.1967    8.0000         0         0    1.0000    1.0000
    5.0000   11.0000   59.5910    7.4489    8.0000    0.7500         0    1.0000    1.0000
    5.0000   12.0000   75.6211    9.4526    8.0000    4.0000         0    1.0000    1.0000
    6.0000    7.0000  240.1339   15.0084   16.0000   16.0000    1.0000    1.0000         0
    6.0000    8.0000  206.1477   25.7685    8.0000    8.0000    1.0000    1.0000         0
    6.0000    9.0000  143.8584   17.9823    8.0000    8.0000    1.0000    1.0000         0
    6.0000   10.0000   28.7075    3.5884    8.0000         0         0         0         0
    6.0000   11.0000   97.3435   12.1679    8.0000    3.0000         0    1.0000    1.0000
    6.0000   12.0000  247.0586   15.4412   16.0000   13.0000    1.0000    1.0000    1.0000
    7.0000    8.0000  268.8150   16.8009   16.0000   16.0000    1.0000    1.0000    1.0000
    7.0000    9.0000  187.5903   11.7244   16.0000   15.0000    1.0000    1.0000    1.0000
    7.0000   10.0000   18.7172    2.3396    8.0000         0         0    1.0000    1.0000
    7.0000   11.0000   63.4676    7.9335    8.0000    1.0000         0    1.0000    1.0000
    7.0000   12.0000  161.0813   10.0676   16.0000    9.5000    1.0000    1.0000    3.0000
    8.0000    9.0000  644.1624   20.1301   32.0000   31.7500    1.0000    1.0000    2.0000
    8.0000   10.0000   32.1363    4.0170    8.0000    8.0000    1.0000    1.0000    8.0000
    8.0000   11.0000  217.9402   13.6213   16.0000   15.7500    1.0000    1.0000    3.0000
    8.0000   12.0000  276.5669   17.2854   16.0000   15.7500    1.0000    1.0000    2.0000
    9.0000   10.0000   22.4260    2.8033    8.0000         0         0    1.0000    1.0000
    9.0000   11.0000  152.0877    9.5055   16.0000    6.7500    1.0000    1.0000    4.0000
    9.0000   12.0000   96.4999   12.0625    8.0000    6.7500         0    1.0000    1.0000
   10.0000   11.0000   15.1748    1.8969    8.0000         0         0    1.0000    1.0000
   10.0000   12.0000   19.2569    2.4071    8.0000         0         0    1.0000    1.0000
   11.0000   12.0000  130.5957    8.1622   16.0000    5.0000    1.0000    1.0000    3.0000
