max33=[57     5    40    60    31    52    41    34    51    46     1    39     6    59     4     3    47     7    53    42    35    56    62 33    48    17     8    66    15    11    32    26    58]
graph =  [ 57     5    40    60    31    52    41    34    51    46     1    39     6    59    26    58];;
zuixiao = [ 57     5    40    60    31    52    51     1    59    26    58];